0.472068786621
0.351905822754
0.495910644531
0.369787216187
0.475168228149
0.354051589966
0.470876693726
0.355958938599
0.468015670776
0.355005264282
0.458955764771
0.354051589966
0.500917434692
0.37407875061
0.483989715576
0.365018844604
0.481128692627
0.361919403076
0.473022460938
0.361919403076
0.391006469727
0.364065170288
0.479936599731
0.362873077393
0.473976135254
0.356912612915
0.475168228149
0.358104705811
0.471115112305
0.36096572876
0.463962554932
0.359058380127
0.463008880615
0.358819961548
0.469207763672
0.357866287231
0.498056411743
0.363111495972
0.473976135254
0.359058380127
0.458955764771
0.354051589966
0.458955764771
0.355005264282
0.463008880615
0.358104705811
0.458955764771
0.352144241333
0.456809997559
0.353097915649
0.454902648926
0.355005264282
0.461101531982
0.349044799805
0.455856323242
0.35285949707
0.469923019409
0.358819961548
0.468015670776
0.359058380127
0.460147857666
0.358104705811
0.469923019409
0.359058380127
0.46706199646
0.360012054443
0.473976135254
0.357151031494
0.465869903564
0.354051589966
0.462055206299
0.355005264282
0.464200973511
0.357151031494
0.462055206299
0.358104705811
0.463008880615
0.354051589966
0.508069992065
0.36883354187
0.474214553833
0.359058380127
0.473022460938
0.361919403076
0.19097328186
0.180959701538
0.204801559448
0.180959701538
0.200986862183
0.180006027222
0.308990478516
0.181913375854
0.301837921143
0.184059143066
0.205993652344
0.180006027222
0.447988510132
0.370979309082
0.219106674194
0.185966491699
0.216960906982
0.191926956177
0.303983688354
0.187158584595
0.247001647949
0.186920166016
0.211000442505
0.182867050171
0.570058822632
0.357866287231
0.198841094971
0.182867050171
1.81889533997
0.371932983398
0.479936599731
0.359058380127
0.480175018311
0.358819961548
0.478029251099
0.360012054443
0.466108322144
0.357151031494
0.49090385437
0.366926193237
0.476837158203
0.361204147339
0.462055206299
0.360012054443
0.469207763672
0.359058380127
0.463962554932
0.359058380127
0.462055206299
0.355958938599
0.46181678772
0.356912612915
0.462055206299
0.350952148438
0.464916229248
0.355005264282
0.465154647827
0.355005264282
0.476121902466
0.365972518921
0.47492980957
0.36096572876
0.475168228149
0.355005264282
0.491142272949
0.363826751709
0.469207763672
0.358104705811
0.466108322144
0.355958938599
0.458955764771
0.354051589966
0.463008880615
0.354051589966
0.468015670776
0.353813171387
0.455856323242
0.355005264282
0.458002090454
0.355958938599
0.458002090454
0.348091125488
0.458955764771
0.349044799805
0.492095947266
0.366926193237
0.471115112305
0.363826751709
0.47779083252
0.36096572876
0.501871109009
0.364065170288
0.428915023804
0.361204147339
0.470161437988
0.358104705811
0.469923019409
0.356912612915
0.463008880615
0.356912612915
0.454902648926
0.355005264282
0.459909439087
0.353097915649
0.503063201904
0.369071960449
0.481843948364
0.363826751709
0.473022460938
0.359058380127
0.463962554932
0.353813171387
0.468969345093
0.355958938599
0.471830368042
0.355005264282
0.458002090454
0.355005264282
0.458002090454
0.355958938599
0.458002090454
0.351905822754
0.468015670776
0.358104705811
0.456094741821
0.357151031494
0.366926193237
0.349998474121
0.461101531982
0.350952148438
0.632047653198
0.468015670776
0.459909439087
0.349998474121
0.463962554932
0.355005264282
0.480890274048
0.365018844604
0.47492980957
0.357151031494
0.462770462036
0.358819961548
0.46181678772
0.35285949707
0.463008880615
0.353813171387
0.470876693726
0.356197357178
0.466108322144
0.355958938599
0.459909439087
0.354051589966
0.460147857666
0.355005264282
0.452995300293
0.350952148438
0.49901008606
0.366926193237
0.478982925415
0.370025634766
0.469207763672
0.373125076294
0.473976135254
0.365018844604
0.468969345093
0.36096572876
0.469923019409
0.356197357178
0.463008880615
0.355005264282
0.478029251099
0.359058380127
0.46706199646
0.358104705811
0.464200973511
0.360012054443
0.46181678772
0.353097915649
0.463962554932
0.354051589966
0.463008880615
0.35285949707
0.458955764771
0.354051589966
0.46181678772
0.355005264282
0.457048416138
0.355005264282
0.458955764771
0.350952148438
0.457048416138
0.353097915649
0.509023666382
0.370979309082
0.465869903564
0.353813171387
0.458002090454
0.350952148438
0.456094741821
0.352144241333
0.471830368042
0.354051589966
0.458002090454
0.35285949707
0.458002090454
0.355005264282
0.458955764771
0.351905822754
0.46706199646
0.355005264282
0.463008880615
0.357151031494
0.452995300293
0.353097915649
0.463008880615
0.351190567017
0.468969345093
0.357866287231
0.460863113403
0.352144241333
0.456094741821
0.351905822754
0.452995300293
0.351905822754
0.449180603027
0.353097915649
0.491857528687
0.361919403076
0.556945800781
0.364065170288
0.471830368042
0.361919403076
0.469207763672
0.359773635864
0.459909439087
0.357151031494
0.462055206299
0.356912612915
0.464200973511
0.355005264282
0.457048416138
0.355005264282
0.472068786621
0.356912612915
0.478982925415
0.361919403076
0.463962554932
0.357151031494
0.466823577881
0.356912612915
0.468015670776
0.353097915649
0.459909439087
0.355005264282
0.475883483887
0.362873077393
0.471830368042
0.36096572876
0.507116317749
0.37407875061
0.199794769287
0.185012817383
0.288963317871
0.185012817383
0.31590461731
0.182151794434
0.238180160522
0.190019607544
0.266790390015
0.185966491699
0.23889541626
0.185966491699
0.2281665802
0.190019607544
0.228881835938
0.185966491699
0.226020812988
0.186920166016
0.234842300415
0.188112258911
0.202178955078
0.187158584595
0.196933746338
0.181913375854
0.503063201904
0.36096572876
0.203132629395
0.181913375854
0.487089157104
0.358819961548
0.463962554932
0.353813171387
0.459909439087
0.358104705811
0.478982925415
0.355958938599
0.457048416138
0.354766845703
0.464916229248
0.347137451172
0.46181678772
0.358104705811
0.463962554932
0.354051589966
0.462055206299
0.357866287231
0.458955764771
0.35285949707
0.52809715271
0.375986099243
0.472068786621
0.36883354187
0.46706199646
0.359058380127
0.468969345093
0.354051589966
0.463962554932
0.359058380127
0.469923019409
0.358104705811
0.475168228149
0.357866287231
0.459909439087
0.353813171387
0.458955764771
0.355958938599
1.76000595093
0.354051589966
0.478982925415
0.352144241333
0.460863113403
0.355005264282
0.463008880615
0.355958938599
0.493049621582
0.364065170288
0.462055206299
0.360012054443
0.462055206299
0.360012054443
0.454902648926
0.355005264282
0.457048416138
0.353097915649
0.455141067505
0.352144241333
0.462055206299
0.35285949707
0.46706199646
0.358819961548
0.459909439087
0.354051589966
0.457048416138
0.354051589966
0.452995300293
0.350952148438
0.458002090454
0.355005264282
0.473022460938
0.362157821655
0.475168228149
0.362873077393
0.471115112305
0.36096572876
0.461101531982
0.356912612915
0.458955764771
0.354051589966
0.457048416138
0.355958938599
0.465869903564
0.350952148438
0.459909439087
0.35285949707
0.464916229248
0.358819961548
0.458955764771
0.351905822754
0.460147857666
0.353097915649
0.471115112305
0.354051589966
0.458002090454
0.357151031494
0.458955764771
0.353813171387
0.452041625977
0.35285949707
0.463008880615
0.357151031494
0.461101531982
0.355005264282
0.463962554932
0.354051589966
0.458002090454
0.353097915649
0.48303604126
0.361919403076
0.473022460938
0.360012054443
0.465154647827
0.356912612915
0.453948974609
0.36096572876
0.465869903564
0.356912612915
0.454902648926
0.352144241333
0.463962554932
0.359058380127
0.464916229248
0.357866287231
0.458955764771
0.356912612915
0.509977340698
0.367879867554
0.483989715576
0.364065170288
0.468015670776
0.360012054443
0.485897064209
0.36883354187
0.473976135254
0.361919403076
0.480890274048
0.359058380127
0.480890274048
0.36096572876
0.46706199646
0.36096572876
0.654935836792
0.701904296875
0.464916229248
0.359058380127
0.328063964844
0.18310546875
0.52809715271
0.362873077393
0.472068786621
0.355958938599
0.496864318848
0.361919403076
0.461101531982
0.353097915649
0.514030456543
0.378847122192
0.478029251099
0.367164611816
0.468969345093
0.364065170288
0.46706199646
0.360012054443
0.472068786621
0.357866287231
0.462055206299
0.351905822754
0.475883483887
0.364780426025
0.526189804077
0.359058380127
0.46706199646
0.360012054443
0.463008880615
0.355958938599
0.463962554932
0.360012054443
0.458955764771
0.355958938599
0.458955764771
0.352144241333
0.469923019409
0.353097915649
0.454902648926
0.354051589966
0.457048416138
0.35285949707
0.462055206299
0.359058380127
0.452995300293
0.350952148438
0.458002090454
0.352144241333
0.475883483887
0.357866287231
0.473976135254
0.362873077393
0.331878662109
0.180959701538
0.514984130859
0.332832336426
0.328063964844
0.184059143066
0.320911407471
0.18310546875
0.310897827148
0.180006027222
0.534057617188
0.356912612915
0.457048416138
0.35285949707
0.483989715576
0.363111495972
0.47492980957
0.360012054443
0.46706199646
0.361919403076
0.545024871826
0.355005264282
0.520944595337
0.562906265259
0.468015670776
0.361204147339
0.468015670776
0.36096572876
0.47492980957
0.355958938599
0.468969345093
0.357866287231
0.463962554932
0.354051589966
0.319957733154
0.18310546875
0.293016433716
0.185012817383
0.310897827148
0.184059143066
0.436067581177
0.258922576904
0.23889541626
0.189781188965
0.233888626099
0.186920166016
0.224828720093
0.190019607544
0.330924987793
0.188112258911
0.349044799805
0.188827514648
0.349998474121
0.190019607544
0.345945358276
0.184059143066
0.335216522217
0.182867050171
0.332832336426
0.186920166016
0.326871871948
0.182867050171
0.473976135254
0.363111495972
0.498056411743
0.357866287231
0.48303604126
0.356197357178
0.482082366943
0.358819961548
0.530004501343
0.36096572876
0.501871109009
0.357866287231
0.47492980957
0.360012054443
0.462055206299
0.355005264282
0.479936599731
0.358104705811
0.478029251099
0.361919403076
0.465154647827
0.357151031494
0.473022460938
0.427961349487
0.472068786621
0.359058380127
0.462055206299
0.353813171387
0.483989715576
0.36096572876
0.468015670776
0.358819961548
0.463008880615
0.353097915649
0.459909439087
0.355005264282
0.457048416138
0.354051589966
0.534772872925
0.358819961548
0.31590461731
0.182867050171
0.334024429321
0.180959701538
0.294923782349
0.184059143066
0.301122665405
0.181198120117
0.329971313477
0.184059143066
0.339031219482
0.18310546875
0.341892242432
0.185012817383
0.347137451172
0.184059143066
0.331878662109
0.181913375854
0.355005264282
0.184059143066
0.372171401978
0.181913375854
0.337839126587
0.181913375854
0.355005264282
0.186920166016
0.340938568115
0.182867050171
0.362873077393
0.189065933228
0.348091125488
0.183820724487
0.344038009644
0.183820724487
0.356912612915
0.18310546875
0.353097915649
0.18310546875
0.344038009644
0.185012817383
0.359058380127
0.185966491699
0.343084335327
0.185012817383
0.353813171387
0.185012817383
0.355005264282
0.18310546875
0.339031219482
0.180959701538
0.346899032593
0.182151794434
0.346899032593
0.184059143066
0.344038009644
0.186920166016
0.365972518921
0.186204910278
0.346899032593
0.185966491699
0.331163406372
0.18310546875
0.348091125488
0.182867050171
0.349998474121
0.184059143066
0.339984893799
0.182151794434
0.354051589966
0.182151794434
0.339031219482
0.182867050171
0.341892242432
0.181913375854
0.357151031494
0.183820724487
0.329971313477
0.180959701538
0.347137451172
0.180959701538
0.343799591064
0.17786026001
0.329971313477
0.179052352905
0.361919403076
0.185012817383
0.340938568115
0.180959701538
0.331163406372
0.181913375854
0.441074371338
0.18310546875
0.343084335327
0.180959701538
0.332117080688
0.180959701538
0.345945358276
0.180959701538
0.344038009644
0.180006027222
0.340938568115
0.18310546875
0.341892242432
0.181913375854
0.335931777954
0.18310546875
0.345945358276
0.182151794434
0.365018844604
0.187158584595
0.343084335327
0.181913375854
0.356912612915
0.188112258911
0.347852706909
0.187158584595
0.335931777954
0.180006027222
0.368118286133
0.19097328186
0.339984893799
0.180006027222
0.329971313477
0.181913375854
0.347852706909
0.180006027222
0.351905822754
0.186920166016
0.343799591064
0.187158584595
0.360012054443
0.185966491699
0.336885452271
0.237941741943
0.357151031494
0.180959701538
0.346899032593
0.181913375854
0.329971313477
0.179052352905
0.340938568115
0.180959701538
0.347852706909
0.180006027222
0.339984893799
0.184059143066
0.342130661011
0.182867050171
0.351905822754
0.181913375854
0.334024429321
0.180006027222
0.353813171387
0.181913375854
0.359058380127
0.180006027222
0.336885452271
0.180006027222
0.346899032593
0.179052352905
0.330924987793
0.178098678589
0.34499168396
0.180959701538
0.350952148438
0.180959701538
0.350952148438
0.180006027222
0.347137451172
0.178098678589
0.340938568115
0.185012817383
0.33712387085
0.181913375854
0.34499168396
0.18310546875
0.362873077393
0.18310546875
0.334978103638
0.181913375854
0.341892242432
0.181913375854
0.343084335327
0.18310546875
0.339984893799
0.183820724487
0.348091125488
0.182151794434
0.332832336426
0.180006027222
0.34499168396
0.185966491699
0.306129455566
0.184059143066
0.319957733154
0.184059143066
0.473022460938
0.385046005249
0.252962112427
0.189065933228
0.264883041382
0.19097328186
0.250816345215
0.188827514648
0.463008880615
0.370025634766
0.485897064209
0.362873077393
0.483989715576
0.363111495972
0.221967697144
0.18310546875
0.226974487305
0.18310546875
0.214099884033
0.182151794434
0.52285194397
0.366926193237
0.205993652344
0.18310546875
0.481843948364
0.362157821655
0.468969345093
0.359058380127
0.473976135254
0.36096572876
0.482082366943
0.361204147339
0.469923019409
0.361919403076
0.49614906311
0.361919403076
0.492095947266
0.361919403076
0.473022460938
0.355958938599
0.466108322144
0.355958938599
0.463962554932
0.355005264282
0.469923019409
0.355958938599
0.468969345093
0.360012054443
0.484943389893
0.355005264282
0.46706199646
0.355958938599
0.469207763672
0.358104705811
0.468015670776
0.357866287231
0.49090385437
0.353813171387
0.463962554932
0.355958938599
0.471115112305
0.354051589966
0.477075576782
0.358104705811
0.468015670776
0.36096572876
0.468969345093
0.354051589966
0.458002090454
0.355005264282
0.463008880615
0.357866287231
0.35285949707
0.458002090454
0.355005264282
0.510931015015
0.375986099243
0.492095947266
0.371932983398
0.481128692627
0.361204147339
0.480890274048
0.361919403076
0.476837158203
0.357866287231
0.468015670776
0.351905822754
0.460863113403
0.353813171387
0.462055206299
0.350952148438
0.473976135254
0.354051589966
0.459909439087
0.355958938599
0.465869903564
0.354051589966
0.480175018311
0.359058380127
0.468015670776
0.358104705811
0.49090385437
0.358104705811
0.463962554932
0.356912612915
0.490188598633
0.355958938599
0.468015670776
0.356197357178
0.494003295898
0.364780426025
0.478982925415
0.360012054443
0.480890274048
0.360012054443
0.472068786621
0.358104705811
0.471830368042
0.357866287231
0.461101531982
0.358104705811
0.470161437988
0.355958938599
0.483989715576
0.358104705811
0.462055206299
0.356912612915
0.472068786621
0.36096572876
0.46706199646
0.357866287231
0.465869903564
0.355958938599
0.462055206299
0.35285949707
0.47492980957
0.357866287231
0.46706199646
0.355958938599
0.473022460938
0.359058380127
0.465154647827
0.360012054443
0.475168228149
0.359058380127
0.478982925415
0.36096572876
0.463962554932
0.36096572876
0.481128692627
0.355958938599
0.488042831421
0.360012054443
0.473022460938
0.360012054443
0.487089157104
0.356912612915
0.46181678772
0.355005264282
0.470876693726
0.356912612915
0.468015670776
0.356912612915
0.469923019409
0.355958938599
0.463962554932
0.355958938599
0.460863113403
0.355005264282
0.457048416138
0.355005264282
0.461101531982
0.357151031494
0.462055206299
0.353097915649
0.458955764771
0.354051589966
0.470876693726
0.349998474121
0.469923019409
0.351905822754
0.488996505737
0.35285949707
0.487089157104
0.353097915649
0.473022460938
0.355005264282
0.544786453247
0.359058380127
0.475168228149
0.359058380127
0.478029251099
0.355005264282
0.469923019409
0.354051589966
0.471830368042
0.360012054443
0.463962554932
0.358104705811
0.480890274048
0.360012054443
0.476121902466
0.369071960449
0.46706199646
0.364065170288
0.486850738525
0.357151031494
0.461101531982
0.360012054443
0.324010848999
0.181913375854
0.566959381104
0.362157821655
0.518083572388
0.367879867554
0.478029251099
0.362157821655
0.470161437988
0.358104705811
0.478029251099
0.358819961548
0.460863113403
0.355005264282
0.487089157104
0.364065170288
0.472068786621
0.363111495972
0.473976135254
0.358819961548
0.584125518799
