0.369071960449
0.537157058716
0.380039215088
0.526905059814
0.373125076294
0.370025634766
0.364065170288
0.514984130859
0.365018844604
0.517129898071
0.366926193237
0.491142272949
0.355005264282
0.349998474121
0.354051589966
0.504016876221
0.361204147339
0.498056411743
0.361204147339
0.345945358276
0.36096572876
0.52285194397
0.364065170288
0.507116317749
0.365018844604
0.49090385437
0.357151031494
0.351905822754
0.36096572876
0.511169433594
0.367164611816
0.508785247803
0.371932983398
0.351190567017
0.362157821655
0.516891479492
0.360012054443
0.512838363647
0.385046005249
0.523805618286
0.366926193237
0.361919403076
0.370025634766
0.524044036865
0.366926193237
0.519990921021
0.370979309082
0.504016876221
0.364780426025
0.525951385498
0.365018844604
0.526905059814
0.368118286133
0.504016876221
0.360012054443
0.355958938599
0.365972518921
0.523090362549
0.39005279541
0.554084777832
0.372171401978
0.497817993164
0.367879867554
0.511884689331
0.402212142944
0.524044036865
0.372886657715
0.509023666382
0.360012054443
0.35285949707
0.365972518921
0.51212310791
0.365018844604
0.511884689331
0.375032424927
0.489950180054
0.364065170288
0.500917434692
0.367164611816
0.519990921021
0.378131866455
0.523090362549
0.362873077393
0.354051589966
0.364065170288
0.524997711182
0.375986099243
0.526905059814
0.368118286133
0.499963760376
0.365018844604
0.522136688232
0.36883354187
0.557899475098
0.369071960449
0.505208969116
0.365972518921
0.353813171387
0.361919403076
0.519037246704
0.399112701416
0.553131103516
0.385999679565
0.524044036865
0.369071960449
0.516891479492
0.396966934204
0.529050827026
0.372886657715
0.504970550537
0.365018844604
0.357151031494
0.363111495972
0.505208969116
0.362873077393
0.777006149292
0.366926193237
0.351905822754
0.365018844604
0.508069992065
0.205039978027
0.176906585693
0.257015228271
0.176191329956
0.191211700439
0.178813934326
0.253915786743
0.189065933228
0.263929367065
0.188112258911
0.258922576904
0.183820724487
0.211954116821
0.188112258911
0.247955322266
0.188112258911
0.295877456665
0.187158584595
0.297069549561
0.184059143066
0.205039978027
0.182151794434
0.245094299316
0.182151794434
0.262022018433
0.182151794434
0.232934951782
0.180959701538
0.253915786743
0.185966491699
0.447988510132
0.558853149414
0.389099121094
0.361204147339
0.198125839233
0.180006027222
0.381946563721
0.532865524292
0.398874282837
0.53596496582
0.366926193237
0.520944595337
0.598907470703
0.375032424927
0.392913818359
0.530958175659
0.362873077393
0.360012054443
0.369071960449
0.523090362549
0.371932983398
0.527858734131
0.388860702515
0.502109527588
0.372886657715
0.519037246704
0.361919403076
0.509023666382
0.372171401978
0.515937805176
0.355958938599
0.349044799805
0.363111495972
0.519037246704
0.363826751709
0.514984130859
0.371932983398
0.498056411743
0.360012054443
0.508069992065
0.365018844604
0.534057617188
0.386953353882
0.530004501343
0.368118286133
0.358819961548
0.365972518921
0.507116317749
0.393152236938
0.555992126465
0.37407875061
0.371932983398
0.370979309082
0.514984130859
0.366926193237
0.509977340698
0.377893447876
0.50687789917
0.362873077393
0.354051589966
0.359058380127
0.509023666382
0.36096572876
0.54407119751
0.370025634766
0.519990921021
0.363111495972
0.523090362549
0.365972518921
0.559091567993
0.368118286133
0.514984130859
0.357151031494
0.350952148438
0.363826751709
0.513792037964
0.370025634766
0.524044036865
0.365972518921
0.351190567017
0.396966934204
0.513792037964
0.360012054443
0.538110733032
0.373840332031
0.511884689331
0.363111495972
0.355005264282
0.367879867554
0.527143478394
0.363111495972
0.517129898071
0.369071960449
0.499963760376
0.358104705811
0.506162643433
0.381946563721
0.562906265259
0.402927398682
0.519990921021
0.366926193237
0.355005264282
0.403165817261
0.519990921021
0.361919403076
0.52285194397
0.371932983398
0.491857528687
0.357866287231
0.509023666382
0.360012054443
0.509023666382
0.366926193237
0.495910644531
0.360012054443
0.350952148438
0.363111495972
0.515937805176
0.367164611816
0.535011291504
0.362873077393
0.350952148438
0.368118286133
0.509977340698
0.365018844604
0.571012496948
0.37407875061
0.533103942871
0.356912612915
0.354051589966
0.365972518921
0.518083572388
0.360012054443
0.503063201904
0.365018844604
0.353097915649
0.362873077393
0.494003295898
0.360012054443
0.499963760376
0.365018844604
0.494003295898
0.36096572876
0.351905822754
0.361204147339
0.514030456543
0.360012054443
0.500917434692
0.362873077393
0.348806381226
0.372886657715
0.529050827026
0.383138656616
0.533103942871
0.379085540771
0.519037246704
0.361919403076
0.35285949707
0.368118286133
0.519990921021
0.373125076294
0.520944595337
0.378131866455
0.47492980957
0.363111495972
0.521183013916
0.362873077393
0.517845153809
0.370025634766
0.49901008606
0.36096572876
0.349044799805
0.363826751709
0.541925430298
0.362873077393
0.531911849976
0.367164611816
0.351905822754
0.391960144043
0.622987747192
0.372886657715
0.52809715271
0.37693977356
0.509023666382
0.362157821655
0.355005264282
0.367164611816
0.519037246704
0.400066375732
0.526905059814
0.37693977356
0.350952148438
0.365972518921
0.518083572388
0.382900238037
0.538110733032
0.377893447876
0.514030456543
0.364780426025
0.355005264282
0.371932983398
0.524997711182
0.396013259888
0.524997711182
0.375032424927
0.502109527588
0.365972518921
0.510931015015
0.371932983398
0.526189804077
0.370979309082
0.513076782227
0.362873077393
0.356912612915
0.3662109375
0.514984130859
0.362873077393
0.515937805176
0.366926193237
0.493049621582
0.364780426025
0.53882598877
0.379085540771
0.530004501343
0.404119491577
0.531196594238
0.378131866455
0.364065170288
0.375032424927
0.524044036865
0.372171401978
0.52809715271
0.375986099243
0.494003295898
0.373125076294
0.53596496582
0.36096572876
0.529050827026
0.365018844604
0.518083572388
0.364065170288
0.35285949707
0.362157821655
0.509977340698
0.367879867554
0.520944595337
0.369071960449
0.354051589966
0.369071960449
0.51212310791
0.364065170288
0.507116317749
0.367164611816
0.498056411743
0.360012054443
0.353097915649
0.360012054443
0.513076782227
0.426054000854
0.530004501343
0.380039215088
0.510931015015
0.370025634766
0.527143478394
0.381946563721
0.564098358154
0.379085540771
0.504016876221
0.361204147339
0.353097915649
0.364065170288
0.510931015015
0.377893447876
0.524997711182
0.380039215088
0.497102737427
0.363826751709
0.509977340698
0.364065170288
0.510931015015
0.365018844604
0.498056411743
0.358104705811
0.353813171387
0.365972518921
0.545978546143
0.369071960449
0.524997711182
0.361204147339
0.351905822754
0.361919403076
0.515937805176
0.363111495972
0.507831573486
0.366926193237
0.499963760376
0.357866287231
0.352144241333
0.361204147339
0.51212310791
0.373125076294
0.524997711182
0.370979309082
0.356912612915
0.36096572876
0.505924224854
0.360012054443
0.501155853271
0.3981590271
0.57315826416
0.371932983398
0.358104705811
0.369071960449
0.523090362549
0.365018844604
0.538110733032
0.365018844604
0.355958938599
0.36096572876
0.514030456543
0.360012054443
0.504016876221
0.364065170288
0.49901008606
0.359773635864
0.349998474121
0.386953353882
0.514030456543
0.37407875061
0.54407119751
0.202894210815
0.180006027222
0.207185745239
0.178098678589
0.240802764893
0.190019607544
0.28395652771
0.186920166016
0.375032424927
0.183820724487
0.239133834839
0.190019607544
0.253915786743
0.189065933228
0.272035598755
0.188827514648
0.447988510132
0.383138656616
0.221967697144
0.180006027222
0.272035598755
0.180006027222
0.205039978027
0.18310546875
0.207901000977
0.180959701538
0.204086303711
0.180006027222
0.241041183472
0.178098678589
0.205993652344
0.178098678589
0.195026397705
0.179052352905
0.423908233643
0.522136688232
0.379085540771
0.332117080688
0.192880630493
0.178098678589
0.380992889404
0.545978546143
0.408887863159
0.514984130859
0.363826751709
0.515937805176
0.368118286133
0.616073608398
0.395059585571
0.523090362549
0.355005264282
0.358104705811
0.378847122192
0.521898269653
0.361919403076
0.504016876221
0.369071960449
0.350952148438
0.36096572876
0.51212310791
0.361919403076
0.507116317749
0.388860702515
0.506162643433
0.36096572876
0.351905822754
0.36096572876
0.543832778931
0.398874282837
0.539064407349
0.420093536377
0.517845153809
0.369071960449
1.74498558044
0.365972518921
0.509023666382
0.428915023804
0.519990921021
0.367164611816
0.354051589966
0.370025634766
0.520944595337
0.499963760376
0.361919403076
0.509977340698
0.514030456543
0.372886657715
0.669002532959
0.370979309082
0.565052032471
0.385046005249
0.543832778931
0.364065170288
0.350952148438
0.362157821655
0.520944595337
0.361919403076
0.519990921021
0.562906265259
0.514030456543
0.359058380127
0.503063201904
0.358819961548
0.537157058716
0.399112701416
0.540971755981
0.356912612915
0.351905822754
0.36096572876
0.541925430298
0.359058380127
0.537872314453
0.370025634766
0.487089157104
0.360012054443
0.502824783325
0.366926193237
0.535011291504
0.364065170288
0.52285194397
0.356912612915
0.346899032593
0.358104705811
0.502824783325
0.378847122192
0.524997711182
0.558137893677
0.524997711182
0.367164611816
0.512838363647
0.367879867554
0.526905059814
0.550985336304
0.523090362549
0.366926193237
0.355958938599
0.375986099243
0.570058822632
0.406980514526
0.385046005249
0.477075576782
0.541925430298
0.374794006348
0.525951385498
0.380039215088
0.52809715271
0.403881072998
0.522136688232
0.375986099243
0.359058380127
0.367879867554
0.508069992065
0.364065170288
0.509023666382
0.3662109375
0.485181808472
0.395059585571
0.512838363647
0.361919403076
0.5202293396
0.369071960449
0.496864318848
0.363111495972
0.350952148438
0.361919403076
0.529050827026
0.36096572876
0.504970550537
0.365018844604
0.347137451172
0.360012054443
0.519037246704
0.357866287231
0.501155853271
0.362157821655
0.490188598633
0.360012054443
0.349044799805
0.362157821655
0.519037246704
0.359058380127
0.50687789917
0.365972518921
0.486850738525
0.363111495972
0.50687789917
0.366926193237
0.519990921021
0.388145446777
0.547170639038
0.366926193237
0.354051589966
0.362157821655
0.508069992065
0.397205352783
0.552892684937
0.385046005249
0.524997711182
0.37407875061
0.523090362549
0.369071960449
0.523805618286
0.379085540771
0.515937805176
0.368118286133
0.356912612915
0.36883354187
0.523090362549
0.365972518921
0.508069992065
0.362157821655
0.349998474121
0.358104705811
0.505924224854
0.360012054443
0.514984130859
0.411987304688
1.80888175964
0.365018844604
0.352144241333
0.357866287231
0.505924224854
0.363111495972
0.509977340698
0.391006469727
0.498056411743
0.364065170288
0.501871109009
0.358104705811
0.508069992065
0.380992889404
0.553131103516
0.366926193237
0.349998474121
0.36096572876
0.504970550537
0.365018844604
0.513792037964
0.370025634766
0.350952148438
0.363111495972
0.509023666382
0.396966934204
0.555992126465
0.391960144043
0.530004501343
0.380039215088
0.359058380127
0.458002090454
0.360012054443
0.366926193237
0.524997711182
0.434875488281
0.50687789917
0.365972518921
0.510931015015
0.363111495972
0.509023666382
0.367879867554
0.495910644531
0.362873077393
0.348091125488
0.363826751709
0.519990921021
0.365018844604
0.523090362549
0.427007675171
0.514030456543
0.385046005249
0.524997711182
0.380992889404
0.52285194397
0.371932983398
0.584125518799
0.361919403076
0.354051589966
0.367879867554
0.517129898071
0.377893447876
0.527858734131
0.399112701416
0.538110733032
0.715017318726
0.373125076294
0.371932983398
0.525951385498
0.371932983398
0.536918640137
0.36883354187
0.355005264282
0.367879867554
0.511884689331
0.363111495972
0.508069992065
0.361919403076
0.530958175659
0.363826751709
0.520944595337
0.361204147339
0.507831573486
0.385046005249
0.519037246704
0.370025634766
0.349044799805
0.372886657715
0.519990921021
0.357151031494
0.501871109009
0.362873077393
0.353097915649
0.385046005249
0.52809715271
0.365018844604
0.527143478394
0.372886657715
0.503063201904
0.361919403076
0.355958938599
0.279188156128
0.180006027222
0.279903411865
0.430822372437
0.250101089478
0.176906585693
0.262975692749
0.182151794434
0.2601146698
0.178098678589
0.272989273071
0.180006027222
0.375032424927
0.180006027222
0.442028045654
0.357866287231
0.364780426025
0.555992126465
0.426054000854
0.525951385498
0.31590461731
0.189065933228
0.396966934204
0.369071960449
0.43797492981
0.516891479492
0.358819961548
0.356912612915
0.375986099243
0.61297416687
0.398874282837
0.372886657715
0.400066375732
0.529050827026
0.379085540771
0.532150268555
0.37693977356
0.530004501343
0.383853912354
0.51212310791
0.365018844604
0.353097915649
0.378131866455
0.525951385498
0.365018844604
0.509023666382
0.394821166992
0.514984130859
0.25486946106
0.187158584595
0.2601146698
0.185012817383
0.304937362671
0.189065933228
0.37693977356
0.18310546875
0.269889831543
0.185012817383
0.255823135376
0.186920166016
0.257015228271
0.185966491699
0.214099884033
0.180959701538
0.216960906982
0.181198120117
0.265836715698
0.180959701538
0.195980072021
0.180006027222
0.283002853394
0.180006027222
0.295162200928
0.18310546875
0.28395652771
0.185966491699
0.279903411865
0.185012817383
0.294923782349
0.181913375854
0.30517578125
0.185966491699
0.279903411865
0.181913375854
0.401020050049
0.193119049072
0.388860702515
0.571012496948
0.438213348389
0.511169433594
0.368118286133
0.510931015015
0.380039215088
0.483989715576
0.373840332031
0.497817993164
0.361919403076
0.353097915649
0.442981719971
0.355958938599
0.418901443481
0.380992889404
0.431060791016
0.515937805176
0.375032424927
0.480890274048
0.370025634766
0.513076782227
0.380992889404
0.518083572388
0.359058380127
0.351905822754
0.37407875061
0.546932220459
0.362157821655
0.530004501343
0.373125076294
0.510931015015
0.361919403076
0.511884689331
0.37693977356
0.540971755981
0.375032424927
0.516891479492
0.359058380127
0.349998474121
0.381946563721
0.529050827026
0.370025634766
0.517129898071
0.373840332031
0.486850738525
0.364065170288
0.519037246704
0.387907028198
0.553131103516
0.408172607422
0.524044036865
0.362157821655
0.350952148438
0.430107116699
0.37693977356
0.283002853394
0.181913375854
0.248908996582
0.179052352905
0.458002090454
0.361919403076
0.292062759399
0.190019607544
0.283002853394
0.185012817383
0.425100326538
0.18310546875
0.279903411865
0.189065933228
0.388860702515
0.42986869812
0.28395652771
0.185966491699
0.294923782349
0.185966491699
0.300884246826
0.185966491699
0.311136245728
0.185966491699
0.328063964844
0.179052352905
0.301837921143
0.188112258911
0.309944152832
0.187873840332
0.281095504761
0.185966491699
0.279188156128
0.185012817383
0.298976898193
0.185012817383
0.298023223877
0.184059143066
0.345945358276
0.180959701538
0.290870666504
0.188112258911
0.303983688354
0.187158584595
0.291109085083
0.186920166016
0.288963317871
0.185966491699
0.292778015137
0.185012817383
0.305891036987
0.185966491699
0.246047973633
0.182151794434
0.282049179077
0.186204910278
0.302076339722
0.185966491699
0.292062759399
0.184059143066
0.301837921143
0.187158584595
0.286102294922
0.185966491699
0.302076339722
0.191211700439
0.247001647949
0.182867050171
0.288009643555
0.185012817383
0.29993057251
0.185966491699
0.294923782349
0.186920166016
0.298976898193
0.187158584595
0.29182434082
0.185012817383
0.318050384521
0.185012817383
0.341892242432
0.181913375854
0.297069549561
0.188112258911
0.288009643555
0.184059143066
0.304937362671
0.188112258911
0.297069549561
0.184059143066
0.302076339722
0.185966491699
0.317096710205
0.187158584595
0.34499168396
0.180959701538
0.300884246826
0.181913375854
0.29993057251
0.187873840332
0.286817550659
0.187873840332
0.285863876343
0.187158584595
0.306129455566
0.186920166016
0.294923782349
0.185966491699
0.245094299316
0.180959701538
0.291109085083
0.185012817383
0.29993057251
0.18310546875
0.283002853394
0.184059143066
0.289916992188
0.184059143066
0.293970108032
0.187158584595
0.327110290527
0.186920166016
0.355005264282
0.181913375854
0.284910202026
0.185966491699
0.297069549561
0.18310546875
0.288009643555
0.185012817383
0.301122665405
0.186920166016
0.290870666504
0.188112258911
0.298976898193
0.187873840332
0.330924987793
0.182151794434
0.297069549561
0.185966491699
0.288963317871
0.188112258911
0.288963317871
0.186920166016
0.298023223877
0.185966491699
0.297069549561
0.182867050171
0.314950942993
0.185012817383
0.343084335327
0.182151794434
0.313997268677
0.182151794434
0.293016433716
0.186920166016
0.28395652771
0.189065933228
0.288009643555
0.185012817383
0.29993057251
0.185966491699
0.319004058838
0.191211700439
0.346183776855
0.182151794434
0.301122665405
0.185966491699
0.298976898193
0.182867050171
0.284910202026
0.183820724487
0.284910202026
0.182867050171
0.297069549561
0.181913375854
0.303983688354
0.183820724487
0.256061553955
0.180006027222
0.279903411865
0.186920166016
0.325918197632
0.186920166016
0.318050384521
0.189065933228
0.298976898193
0.262975692749
0.28395652771
0.185966491699
0.301837921143
0.188827514648
0.250816345215
0.180959701538
0.288009643555
0.185966491699
0.371932983398
0.354051589966
0.293970108032
0.188827514648
0.298976898193
0.183820724487
0.288009643555
0.183820724487
0.378131866455
0.261068344116
0.318050384521
0.25486946106
0.295162200928
0.185966491699
0.290155410767
0.185012817383
0.285863876343
0.190019607544
0.289916992188
0.185966491699
0.303983688354
0.185966491699
0.318050384521
0.185012817383
0.348091125488
0.18310546875
0.29993057251
0.182867050171
0.297069549561
0.185966491699
0.28395652771
0.256061553955
0.287055969238
0.186920166016
0.29993057251
0.188112258911
0.319004058838
0.187873840332
0.343799591064
0.181913375854
0.283002853394
0.185012817383
0.300168991089
0.185966491699
0.287055969238
0.185012817383
0.29993057251
0.185966491699
0.289916992188
0.182867050171
0.320911407471
0.185966491699
0.349998474121
0.184059143066
0.287055969238
0.182867050171
0.292062759399
0.184059143066
0.293970108032
0.187158584595
0.303983688354
0.187873840332
0.287055969238
0.182867050171
0.307083129883
0.189065933228
0.254154205322
0.182867050171
0.289916992188
0.182151794434
0.277996063232
0.186920166016
0.272989273071
0.190019607544
0.247955322266
0.18310546875
0.267028808594
0.187873840332
0.344038009644
0.188827514648
0.29993057251
0.306844711304
0.231981277466
0.226020812988
0.257968902588
0.180006027222
0.255107879639
0.180006027222
0.214099884033
0.17786026001
0.256061553955
0.212907791138
0.418901443481
0.52285194397
0.363111495972
0.349044799805
0.369071960449
0.519037246704
0.236034393311
0.182867050171
0.240087509155
0.18310546875
0.20694732666
0.180959701538
0.231981277466
0.187158584595
0.469923019409
0.535011291504
0.385046005249
0.359058380127
0.200986862183
0.180006027222
0.436782836914
0.367879867554
0.416040420532
0.534057617188
0.37407875061
0.516891479492
0.37407875061
0.523090362549
1.49512290955
0.363111495972
0.364065170288
0.350952148438
0.383853912354
0.527858734131
0.370025634766
0.526905059814
0.389099121094
0.504016876221
0.362873077393
0.618934631348
0.385999679565
0.357866287231
0.401973724365
0.520944595337
0.370025634766
0.353097915649
0.368118286133
0.524997711182
0.380039215088
0.530004501343
0.385999679565
0.46706199646
0.375986099243
0.523090362549
0.527858734131
0.450134277344
0.415086746216
0.525951385498
0.365972518921
0.355958938599
0.367164611816
0.546932220459
0.364065170288
0.507831573486
0.380992889404
0.471115112305
0.366926193237
0.509023666382
0.361919403076
0.509977340698
0.375986099243
0.499963760376
0.359058380127
0.345945358276
0.420093536377
0.562906265259
0.377893447876
0.530004501343
0.396013259888
0.370979309082
0.369071960449
0.519990921021
0.378131866455
0.520944595337
2.42280960083
0.3662109375
0.362873077393
0.359058380127
0.37693977356
0.366926193237
0.369787216187
0.535011291504
0.37693977356
0.468015670776
0.362873077393
0.465869903564
0.373840332031
0.563144683838
0.407934188843
0.55193901062
0.370025634766
0.355958938599
0.371932983398
0.52285194397
0.366926193237
0.51212310791
0.396013259888
0.516176223755
0.372171401978
0.537872314453
0.363111495972
0.509023666382
0.396013259888
0.56791305542
0.519990921021
0.359058380127
0.36883354187
0.518798828125
0.369071960449
0.524997711182
0.393152236938
0.513076782227
0.377893447876
0.521183013916
0.375032424927
0.522136688232
0.407934188843
0.547885894775
0.493049621582
0.360012054443
0.366926193237
0.556945800781
0.370979309082
0.563144683838
0.376224517822
0.497102737427
0.369071960449
0.519990921021
0.366926193237
0.540971755981
0.406980514526
0.370025634766
0.375986099243
0.354051589966
0.369071960449
0.526905059814
0.365018844604
0.505924224854
0.372886657715
0.49901008606
0.362157821655
0.501871109009
0.385999679565
0.358819961548
0.395059585571
0.549793243408
0.489950180054
0.349998474121
0.366926193237
0.534057617188
0.368118286133
0.550985336304
0.397920608521
0.528812408447
0.373840332031
0.525951385498
0.371932983398
0.509023666382
1.4750957489
0.453948974609
0.368118286133
0.351905822754
0.371932983398
0.537872314453
0.370025634766
0.503063201904
0.373125076294
0.499963760376
0.367164611816
0.514984130859
0.386953353882
0.530004501343
0.418901443481
0.530004501343
0.362873077393
0.349998474121
0.370025634766
0.523090362549
0.365972518921
0.513076782227
0.466108322144
0.525951385498
0.375032424927
0.475883483887
0.369071960449
0.519037246704
0.40602684021
0.548124313354
0.367164611816
0.354051589966
0.365018844604
0.513076782227
0.375032424927
0.563859939575
0.379085540771
0.464916229248
0.378131866455
0.519990921021
0.369071960449
0.512838363647
0.396013259888
0.526905059814
0.364065170288
0.35285949707
0.369071960449
0.550031661987
0.365972518921
0.530004501343
0.377178192139
0.503063201904
0.369071960449
0.517845153809
0.37407875061
0.519990921021
0.385046005249
0.553846359253
0.365018844604
0.35285949707
0.366926193237
0.517129898071
0.374794006348
0.559091567993
0.418901443481
0.526189804077
0.368118286133
0.519037246704
0.360012054443
0.504016876221
0.369787216187
0.497102737427
0.359058380127
0.345945358276
0.370025634766
0.362157821655
0.399112701416
0.530004501343
0.412940979004
0.525951385498
0.362157821655
0.512838363647
0.385999679565
0.549793243408
0.402927398682
0.56004524231
0.362873077393
0.350952148438
0.358819961548
0.532865524292
0.369071960449
0.56004524231
0.375986099243
0.498056411743
0.363111495972
0.513076782227
0.358104705811
0.53596496582
0.428915023804
0.519037246704
0.363111495972
0.354051589966
0.383853912354
0.546932220459
0.75101852417
0.367164611816
0.405073165894
0.52285194397
0.367879867554
0.516891479492
0.365018844604
0.55193901062
0.408887863159
0.421047210693
0.483989715576
0.370979309082
0.377893447876
0.537157058716
0.385999679565
0.530958175659
0.405073165894
0.378847122192
0.369071960449
0.519990921021
0.369787216187
0.517129898071
0.387907028198
0.546932220459
0.375986099243
0.524997711182
0.367879867554
0.514984130859
0.370979309082
0.532865524292
0.472068786621
0.36096572876
0.3662109375
0.530004501343
0.365018844604
0.517129898071
0.369071960449
0.523090362549
0.373125076294
0.518083572388
0.409126281738
0.373840332031
0.373840332031
0.525951385498
0.369787216187
0.519990921021
0.364065170288
0.519037246704
0.414133071899
0.549077987671
0.226020812988
0.184059143066
0.247001647949
0.185966491699
0.2760887146
0.187873840332
0.2601146698
0.182867050171
0.264883041382
0.181913375854
0.258922576904
0.187158584595
0.231027603149
0.182867050171
0.391006469727
0.556945800781
0.37407875061
0.524044036865
0.372171401978
0.527858734131
0.486850738525
0.359058380127
0.226974487305
0.182867050171
0.203132629395
0.180006027222
0.199794769287
0.178098678589
0.388145446777
0.534057617188
0.216960906982
0.179052352905
0.370979309082
0.524044036865
0.378131866455
0.916004180908
0.381946563721
0.522136688232
0.370025634766
0.520944595337
0.372886657715
0.517845153809
0.364065170288
0.509977340698
0.365018844604
0.500202178955
0.362873077393
0.503063201904
0.363111495972
0.516176223755
0.365018844604
0.502109527588
0.393867492676
0.559091567993
0.370979309082
0.514984130859
0.371932983398
0.569820404053
0.373125076294
0.571012496948
0.375032424927
0.604867935181
0.365018844604
0.547885894775
0.372171401978
0.561952590942
0.371932983398
0.37693977356
0.375032424927
0.553846359253
0.369071960449
0.565052032471
0.365972518921
0.548839569092
0.387191772461
0.379800796509
0.375032424927
0.52285194397
