0.37407875061
0.514030456543
0.365972518921
0.359058380127
0.380039215088
0.364065170288
0.378847122192
0.517845153809
0.366926193237
0.354051589966
0.373840332031
0.358104705811
0.365018844604
0.357866287231
0.372886657715
0.516891479492
0.363826751709
0.356912612915
0.373840332031
0.359058380127
0.373125076294
0.518083572388
0.360012054443
0.355958938599
0.363826751709
0.356912612915
0.363111495972
0.352144241333
0.361919403076
0.514984130859
0.362157821655
0.354051589966
0.365018844604
0.349998474121
0.365972518921
0.514030456543
0.358104705811
0.347852706909
0.362157821655
0.363111495972
0.360012054443
0.35285949707
0.359058380127
0.515937805176
0.369787216187
0.353813171387
0.364065170288
0.353813171387
0.363826751709
0.520944595337
0.363111495972
0.355005264282
0.383138656616
0.364065170288
0.404119491577
0.37407875061
0.380992889404
0.524997711182
0.37407875061
0.360012054443
0.3821849823
0.364065170288
0.375032424927
0.515937805176
0.364065170288
0.355005264282
0.371932983398
0.356912612915
0.380992889404
0.355958938599
0.371217727661
0.515937805176
0.368118286133
0.356912612915
0.371932983398
0.359058380127
0.431060791016
0.517129898071
0.365018844604
0.353813171387
0.37407875061
0.358104705811
0.369071960449
0.355958938599
0.371932983398
0.519990921021
0.395059585571
0.371932983398
0.379085540771
0.361919403076
0.375986099243
0.524044036865
0.366926193237
0.356197357178
0.370979309082
0.362157821655
0.370025634766
0.356912612915
0.36883354187
0.524997711182
0.366926193237
0.367879867554
0.368118286133
0.359058380127
0.371932983398
0.518798828125
0.361919403076
0.356912612915
0.369071960449
0.396966934204
0.370025634766
0.357866287231
0.364065170288
0.522136688232
0.364065170288
0.356912612915
0.370979309082
0.351905822754
0.21505355835
0.185966491699
0.205039978027
0.179052352905
0.2121925354
0.177145004272
0.210046768188
0.230073928833
0.243902206421
0.18310546875
0.240087509155
0.227928161621
0.267028808594
0.19383430481
0.257968902588
0.187158584595
0.217914581299
0.184059143066
0.479936599731
0.367879867554
0.20694732666
0.182151794434
0.240087509155
0.18310546875
0.201940536499
0.180959701538
0.281095504761
0.19097328186
0.277996063232
0.242948532104
0.228881835938
0.187873840332
0.224828720093
0.188112258911
0.426769256592
0.372171401978
0.247001647949
0.192165374756
0.210046768188
0.188827514648
0.385046005249
0.3662109375
0.392913818359
0.508785247803
0.362873077393
0.356912612915
0.362873077393
0.360012054443
0.365018844604
0.354051589966
0.37407875061
0.519990921021
0.363111495972
0.357866287231
0.370025634766
0.355958938599
0.37407875061
0.530958175659
0.364065170288
0.353097915649
0.370025634766
0.356912612915
0.371932983398
0.36096572876
0.375032424927
0.515937805176
0.364065170288
0.361919403076
0.370979309082
0.359058380127
0.369071960449
0.461101531982
0.358819961548
0.359058380127
0.360012054443
0.356912612915
0.416040420532
0.37407875061
0.393867492676
0.511884689331
0.371932983398
0.365018844604
0.379085540771
0.359058380127
0.375986099243
0.606060028076
0.368118286133
0.361204147339
0.369071960449
0.359058380127
0.369071960449
0.361204147339
0.370979309082
0.542163848877
0.365018844604
0.356912612915
0.366926193237
0.355005264282
0.37407875061
0.559091567993
0.36096572876
0.360012054443
0.375032424927
0.359058380127
0.365018844604
0.358104705811
0.370979309082
0.532150268555
0.367879867554
0.358104705811
0.368118286133
0.358819961548
0.368118286133
0.514984130859
0.364065170288
0.357151031494
0.361919403076
0.358104705811
0.392913818359
0.364065170288
0.373125076294
0.523090362549
0.365018844604
0.357151031494
0.370979309082
0.359058380127
0.375986099243
0.528812408447
0.363111495972
0.358104705811
0.360012054443
0.358104705811
0.379085540771
0.363111495972
0.377893447876
0.514984130859
0.367879867554
0.359058380127
0.36096572876
0.354051589966
0.372171401978
0.516176223755
0.36096572876
0.357151031494
0.360012054443
0.351905822754
0.361919403076
0.358104705811
0.362873077393
0.534772872925
0.361919403076
0.358104705811
0.364065170288
0.355005264282
0.365018844604
0.489950180054
0.362157821655
0.355005264282
0.365972518921
0.359058380127
0.362873077393
0.370979309082
0.369071960449
0.516891479492
0.37407875061
0.351905822754
0.372886657715
0.356912612915
0.369071960449
0.510931015015
0.364065170288
0.356912612915
0.366926193237
0.354051589966
0.375986099243
0.364065170288
0.372886657715
0.512838363647
0.370979309082
0.361919403076
0.370979309082
0.360012054443
0.497102737427
0.534057617188
0.36883354187
0.358104705811
0.36883354187
0.355005264282
0.385999679565
0.361919403076
0.36883354187
0.514030456543
0.369071960449
0.357866287231
0.36096572876
0.349044799805
0.375032424927
0.510931015015
0.36096572876
0.353813171387
0.36883354187
0.360012054443
0.362157821655
0.358104705811
0.407934188843
0.553131103516
0.383138656616
0.367879867554
0.375032424927
0.365972518921
0.377893447876
0.514984130859
0.365018844604
0.355005264282
0.363111495972
0.354051589966
0.367164611816
0.35285949707
0.365972518921
0.519990921021
0.365972518921
0.354051589966
0.384092330933
0.365018844604
0.380992889404
0.519990921021
0.369071960449
0.362157821655
0.366926193237
0.358104705811
0.369071960449
0.361919403076
0.370979309082
0.515937805176
0.367164611816
0.357866287231
0.365972518921
0.355958938599
0.380992889404
0.511884689331
0.365018844604
0.356912612915
0.363826751709
0.359773635864
0.362873077393
0.355958938599
0.364065170288
0.530958175659
0.362873077393
0.356912612915
0.359058380127
0.353813171387
0.361919403076
0.520944595337
0.358104705811
0.355958938599
0.363826751709
0.359058380127
0.381946563721
0.365018844604
0.375032424927
0.516176223755
0.366926193237
0.358104705811
0.364065170288
0.353097915649
0.368118286133
0.514984130859
0.356912612915
0.353097915649
0.384092330933
0.353813171387
0.360012054443
0.354051589966
0.361919403076
0.514030456543
0.370025634766
0.358104705811
0.362873077393
0.354051589966
0.365972518921
0.519990921021
0.36096572876
0.355005264282
0.359058380127
0.355958938599
0.36096572876
0.356912612915
0.362873077393
0.509023666382
0.391960144043
0.365018844604
0.380992889404
0.361919403076
0.371932983398
0.519990921021
0.36883354187
0.361919403076
0.366926193237
0.355958938599
0.391960144043
0.365972518921
0.370025634766
0.521898269653
0.380992889404
0.361919403076
0.370979309082
0.356912612915
0.375986099243
0.519037246704
0.364065170288
0.357151031494
0.404119491577
0.37693977356
0.383138656616
0.370025634766
0.375986099243
0.510931015015
0.373840332031
0.361919403076
0.366926193237
0.358104705811
0.375032424927
0.520944595337
0.365972518921
0.356912612915
0.369071960449
0.356912612915
0.364065170288
0.355005264282
0.365972518921
0.516891479492
0.365018844604
0.360012054443
0.365972518921
0.355005264282
0.370979309082
0.524997711182
0.365018844604
0.358104705811
0.36096572876
0.356912612915
0.384092330933
0.369071960449
0.375986099243
0.519037246704
0.37407875061
0.357151031494
0.36883354187
0.358104705811
0.373125076294
0.514030456543
0.36096572876
0.357151031494
0.36096572876
0.358104705811
0.364065170288
0.357151031494
0.365018844604
0.522136688232
0.38480758667
0.358819961548
0.384092330933
0.364065170288
0.22292137146
0.180006027222
0.198125839233
0.182151794434
0.247001647949
0.185012817383
0.259876251221
0.185966491699
0.243902206421
0.181913375854
0.214099884033
0.180959701538
0.267028808594
0.182867050171
0.258922576904
0.182151794434
0.219106674194
0.252962112427
0.236988067627
0.19097328186
0.231981277466
0.187873840332
0.233173370361
0.183820724487
0.214099884033
0.18310546875
0.246047973633
0.190019607544
0.256061553955
0.187873840332
0.211000442505
0.185966491699
0.214099884033
0.184774398804
0.428915023804
0.375032424927
0.231981277466
0.185012817383
0.214099884033
0.186920166016
0.412940979004
0.377178192139
0.409126281738
0.525951385498
0.368118286133
0.364065170288
0.370979309082
0.36096572876
0.372171401978
0.361919403076
0.369071960449
0.545978546143
0.365018844604
0.361919403076
0.365018844604
0.356912612915
0.37693977356
0.465154647827
0.364065170288
0.359058380127
0.364065170288
0.360012054443
0.366926193237
0.359773635864
0.366926193237
0.536918640137
0.363826751709
0.353813171387
0.365018844604
0.356912612915
0.411987304688
0.541210174561
0.388145446777
0.370025634766
0.380039215088
0.363826751709
0.373125076294
0.360012054443
0.378847122192
0.509023666382
0.382900238037
0.363826751709
0.373125076294
0.359058380127
0.396013259888
0.525951385498
0.371932983398
0.360012054443
0.36883354187
0.359058380127
0.371217727661
0.356197357178
0.366926193237
0.517129898071
0.378847122192
0.365972518921
0.369071960449
0.359058380127
0.371932983398
0.513076782227
0.364065170288
0.355958938599
0.401973724365
0.361919403076
0.367879867554
0.358104705811
0.368118286133
0.519037246704
0.365018844604
0.359058380127
0.370025634766
0.356912612915
0.375986099243
0.565052032471
0.361919403076
0.362157821655
0.362873077393
0.354051589966
0.370025634766
0.360012054443
0.367164611816
0.545024871826
0.3662109375
0.357151031494
0.37693977356
0.36096572876
0.377893447876
0.521898269653
0.365018844604
0.359058380127
0.370025634766
0.361919403076
0.372886657715
0.358819961548
0.397920608521
0.547885894775
0.380039215088
0.364065170288
0.392913818359
0.361919403076
0.369071960449
0.513792037964
0.363826751709
0.355958938599
0.366926193237
0.357866287231
0.370025634766
0.360012054443
0.37407875061
0.532865524292
0.371932983398
0.36096572876
0.407934188843
0.370979309082
0.385046005249
0.53596496582
0.372171401978
0.360012054443
0.3662109375
0.365018844604
0.373125076294
0.363826751709
0.369071960449
0.530958175659
0.370979309082
0.36096572876
0.395059585571
0.369071960449
0.382900238037
0.515937805176
0.371932983398
0.364065170288
0.371932983398
0.358104705811
0.362873077393
0.357151031494
0.363111495972
0.516891479492
0.3821849823
0.364065170288
0.370025634766
0.364065170288
0.379800796509
0.516891479492
0.370979309082
0.361919403076
0.366926193237
0.356912612915
0.376224517822
0.362157821655
0.37693977356
0.517129898071
0.399112701416
0.359058380127
0.3662109375
0.356912612915
0.382900238037
0.516176223755
0.368118286133
0.360012054443
0.365018844604
0.354051589966
0.369787216187
0.363111495972
0.366926193237
0.51212310791
0.385999679565
0.369071960449
0.370979309082
0.365018844604
0.370979309082
0.519990921021
0.363111495972
0.357866287231
0.369071960449
0.359058380127
0.36883354187
0.357866287231
0.389099121094
0.509977340698
0.365972518921
0.362157821655
0.365972518921
0.359058380127
0.36883354187
0.514030456543
0.361919403076
0.355005264282
0.363111495972
0.357866287231
0.401020050049
0.365018844604
0.375986099243
0.514030456543
0.367164611816
0.356912612915
0.363111495972
0.355958938599
0.385046005249
0.523090362549
0.37407875061
0.364065170288
0.372886657715
0.360012054443
0.28395652771
0.185012817383
0.433921813965
0.524997711182
0.365972518921
0.356912612915
0.365018844604
0.35285949707
0.427961349487
0.542879104614
0.392913818359
0.369071960449
0.375032424927
0.363111495972
0.375032424927
0.365018844604
0.369071960449
0.519990921021
0.364065170288
0.359058380127
0.365972518921
0.358104705811
0.382900238037
0.495910644531
0.370979309082
0.357866287231
0.36096572876
0.354051589966
0.405073165894
0.366926193237
0.379085540771
0.524044036865
0.365018844604
0.360012054443
0.365018844604
0.356912612915
0.377893447876
0.516891479492
0.365018844604
0.359058380127
0.364065170288
0.356912612915
0.385999679565
0.365018844604
0.380039215088
0.53596496582
0.362873077393
0.365018844604
0.3662109375
0.354051589966
0.369071960449
0.508069992065
0.363111495972
0.356912612915
0.365018844604
0.354766845703
0.411987304688
0.367879867554
0.382900238037
0.534057617188
0.370979309082
0.361919403076
0.367879867554
0.361919403076
0.37693977356
0.488996505737
0.365018844604
0.358104705811
0.3662109375
0.355958938599
0.466108322144
0.36096572876
0.303030014038
0.182867050171
0.26798248291
0.183820724487
0.431060791016
0.33712387085
0.288009643555
0.190019607544
0.247001647949
0.185012817383
0.258922576904
0.187873840332
0.267028808594
0.183820724487
0.432968139648
0.379800796509
0.402927398682
0.361204147339
0.370025634766
0.360012054443
0.485181808472
0.367879867554
0.426054000854
0.36096572876
0.361204147339
0.360012054443
0.370979309082
0.355958938599
0.373125076294
0.509977340698
0.365018844604
0.360012054443
0.410079956055
0.365972518921
0.427961349487
0.597953796387
0.372886657715
0.357866287231
0.37407875061
0.359058380127
0.370025634766
0.358104705811
0.383853912354
0.519037246704
0.370025634766
0.360012054443
0.369071960449
0.356912612915
0.269889831543
0.180006027222
0.241994857788
0.180959701538
0.247001647949
0.182151794434
0.248908996582
0.181913375854
0.257968902588
0.182151794434
0.329971313477
0.257015228271
0.229835510254
0.181198120117
0.264883041382
0.185966491699
0.221967697144
0.185012817383
0.203847885132
0.18310546875
0.300168991089
0.188112258911
0.294923782349
0.18310546875
0.271797180176
0.181913375854
0.292062759399
0.192165374756
0.320911407471
0.190019607544
0.255107879639
0.190019607544
0.288963317871
0.189065933228
0.296115875244
0.189065933228
0.288009643555
0.190019607544
0.26798248291
0.190019607544
0.404834747314
0.37407875061
0.469923019409
0.38480758667
0.396013259888
0.366926193237
0.375032424927
0.363111495972
0.446081161499
0.363826751709
0.427007675171
0.366926193237
0.406980514526
0.360012054443
0.370979309082
0.356912612915
0.370979309082
0.513792037964
0.365018844604
0.358819961548
0.368118286133
0.355958938599
0.364065170288
0.356912612915
0.37407875061
0.519990921021
0.394105911255
0.36883354187
0.375986099243
0.365018844604
0.470161437988
0.363826751709
0.375986099243
0.361919403076
0.369071960449
0.361919403076
0.369071960449
0.357866287231
0.37693977356
0.552892684937
0.366926193237
0.358104705811
0.360012054443
0.356197357178
0.368118286133
0.53596496582
0.365972518921
0.355958938599
0.364780426025
0.357151031494
0.370025634766
0.359058380127
0.377893447876
0.552892684937
0.257968902588
0.186920166016
0.271081924438
0.184059143066
0.300884246826
0.183820724487
0.243902206421
0.185966491699
0.272989273071
0.186204910278
0.262975692749
0.182151794434
0.255107879639
0.180006027222
0.279903411865
0.182151794434
0.284910202026
0.185012817383
0.37407875061
0.186920166016
0.251054763794
0.182867050171
0.284194946289
0.185012817383
0.282049179077
0.183820724487
0.293970108032
0.186920166016
0.289916992188
0.188112258911
0.296831130981
0.19097328186
0.285863876343
0.183820724487
0.252962112427
0.185966491699
0.285863876343
0.182867050171
0.281095504761
0.184059143066
0.289916992188
0.180006027222
0.288963317871
0.182151794434
0.282049179077
0.180959701538
0.293970108032
0.182151794434
0.247955322266
0.180959701538
0.304937362671
0.185012817383
0.283002853394
0.183820724487
0.288963317871
0.180959701538
0.287055969238
0.182867050171
0.293016433716
0.184059143066
0.28395652771
0.181913375854
0.247001647949
0.182151794434
0.31304359436
0.187873840332
0.288963317871
0.258922576904
0.294923782349
0.181913375854
0.295877456665
0.18310546875
0.305891036987
0.18310546875
0.282049179077
0.181913375854
0.249147415161
0.181913375854
0.278949737549
0.180959701538
0.289916992188
0.184059143066
0.301122665405
0.180006027222
0.28395652771
0.184059143066
0.281095504761
0.360012054443
0.303030014038
0.181913375854
0.260829925537
0.185012817383
0.28395652771
0.185966491699
0.28395652771
0.183820724487
0.295877456665
0.180959701538
0.286817550659
0.18310546875
0.298023223877
0.18310546875
0.281810760498
0.187158584595
0.256061553955
0.179052352905
0.285863876343
0.18310546875
0.281095504761
0.184059143066
0.284194946289
0.182151794434
0.308990478516
0.190019607544
0.285148620605
0.185966491699
0.281095504761
0.184059143066
0.253200531006
0.184059143066
0.298976898193
0.185012817383
0.284910202026
0.184059143066
0.292062759399
0.179052352905
0.284194946289
0.181913375854
0.287055969238
0.181913375854
0.279903411865
0.178813934326
0.249147415161
0.183820724487
0.278949737549
0.181198120117
0.293016433716
0.183820724487
0.296831130981
0.178098678589
0.28395652771
0.185012817383
0.286102294922
0.185012817383
0.287055969238
0.184059143066
0.256061553955
0.184059143066
0.29993057251
0.185012817383
0.302076339722
0.18310546875
0.311136245728
0.187158584595
0.32114982605
0.187158584595
0.297069549561
0.182867050171
0.298023223877
0.18310546875
0.250101089478
0.180959701538
0.308990478516
0.184059143066
0.291109085083
0.18310546875
0.284910202026
0.180959701538
0.285148620605
0.180959701538
0.293016433716
0.187873840332
0.285863876343
0.182151794434
0.347137451172
0.357866287231
0.309944152832
0.181913375854
0.28395652771
0.182867050171
0.283002853394
0.180006027222
0.307083129883
0.184059143066
0.290870666504
0.180959701538
0.290155410767
0.185012817383
0.249147415161
0.180959701538
0.288009643555
0.180959701538
0.286102294922
0.182151794434
0.297069549561
0.181913375854
0.282049179077
0.182151794434
0.288009643555
0.180959701538
0.279903411865
0.180006027222
0.251770019531
0.180006027222
0.295162200928
0.185966491699
0.292062759399
0.181913375854
0.29993057251
0.182867050171
0.288009643555
0.184059143066
0.281095504761
0.182151794434
0.282049179077
0.179052352905
0.25200843811
0.179052352905
0.280141830444
0.180006027222
0.277996063232
0.181913375854
0.297069549561
0.180959701538
0.303030014038
0.184059143066
0.285863876343
0.185012817383
0.285148620605
0.18310546875
0.249147415161
0.178813934326
0.288009643555
0.18310546875
0.288963317871
0.185012817383
0.284910202026
0.181198120117
0.289916992188
0.180006027222
0.286102294922
0.182867050171
0.280141830444
0.17786026001
0.246047973633
0.180959701538
0.306844711304
0.185012817383
0.285148620605
0.185012817383
0.295162200928
0.180959701538
0.281810760498
0.180006027222
0.28395652771
0.184059143066
0.278949737549
0.180006027222
0.256061553955
0.181913375854
0.288963317871
0.184059143066
0.289916992188
0.180959701538
0.296115875244
0.18310546875
0.2760887146
0.182867050171
0.269174575806
0.182867050171
0.2760887146
0.185966491699
0.233173370361
0.180959701538
0.262975692749
0.18310546875
0.537157058716
0.36096572876
0.247955322266
0.181198120117
0.242233276367
0.180006027222
0.259160995483
0.184059143066
0.263929367065
0.185966491699
0.216960906982
0.181913375854
0.39005279541
0.358104705811
0.380039215088
0.358104705811
0.40602684021
0.515937805176
0.370025634766
0.355958938599
0.25200843811
0.186920166016
0.258922576904
0.186920166016
0.216007232666
0.183820724487
0.229835510254
0.186920166016
0.440120697021
0.372171401978
0.247001647949
0.186920166016
0.211000442505
0.185012817383
0.387907028198
0.360012054443
0.396966934204
0.520944595337
0.366926193237
0.356912612915
0.371932983398
0.359058380127
0.414848327637
0.370025634766
0.401020050049
0.524044036865
0.378131866455
0.364065170288
0.380992889404
0.360012054443
0.400066375732
0.517845153809
0.371932983398
0.361204147339
0.37407875061
0.357151031494
0.418901443481
0.363111495972
0.375986099243
0.515937805176
0.370025634766
0.362157821655
0.391006469727
0.364065170288
0.388860702515
0.514984130859
0.370025634766
0.354051589966
0.36883354187
0.353097915649
0.365972518921
0.354051589966
0.380992889404
0.509977340698
0.362873077393
0.358104705811
0.387907028198
0.362873077393
0.382900238037
0.510931015015
0.365018844604
0.355005264282
0.362873077393
0.354051589966
0.370025634766
0.358819961548
0.375032424927
0.509023666382
0.379085540771
0.357151031494
0.372886657715
0.355005264282
0.385046005249
0.519990921021
0.365972518921
0.355005264282
0.366926193237
0.349998474121
0.370025634766
0.355005264282
0.37407875061
0.509023666382
0.371217727661
0.355958938599
0.396013259888
0.355005264282
0.383138656616
0.532150268555
0.372886657715
0.357151031494
0.375032424927
0.359058380127
0.391960144043
0.360012054443
0.430107116699
0.53596496582
0.365972518921
0.355958938599
0.381946563721
0.360012054443
0.381946563721
0.375032424927
0.3662109375
0.355958938599
0.36883354187
0.356912612915
0.367879867554
0.355958938599
0.380992889404
0.515937805176
0.393152236938
0.36883354187
0.392198562622
0.361919403076
0.427961349487
0.535011291504
0.375032424927
0.361919403076
0.375032424927
0.377178192139
0.380992889404
0.365018844604
0.401973724365
0.542163848877
0.369787216187
0.363111495972
0.377893447876
0.36096572876
0.387907028198
0.617980957031
0.370979309082
0.36096572876
0.377178192139
0.36096572876
0.394105911255
0.362873077393
0.401973724365
0.543117523193
0.370979309082
0.355005264282
0.372886657715
0.356197357178
0.370979309082
0.522136688232
0.361919403076
0.351905822754
0.375032424927
0.351905822754
0.396013259888
0.36883354187
0.3981590271
0.542879104614
0.372171401978
0.360012054443
0.380039215088
0.359058380127
0.375986099243
0.592947006226
0.369071960449
0.355958938599
0.367879867554
0.358104705811
0.37693977356
0.360012054443
0.381946563721
0.510931015015
0.37693977356
0.357151031494
0.414133071899
0.361919403076
0.377893447876
0.56004524231
0.365972518921
0.355958938599
0.401020050049
0.365018844604
0.375032424927
0.358104705811
0.386953353882
0.526905059814
0.367879867554
0.355958938599
0.372886657715
0.356912612915
0.37407875061
0.514030456543
0.367164611816
0.35285949707
0.412940979004
0.362873077393
0.396013259888
0.358104705811
0.393152236938
0.508069992065
0.365972518921
0.358104705811
0.408887863159
0.365972518921
0.387191772461
0.527143478394
0.371932983398
0.363111495972
0.365018844604
0.357866287231
0.391960144043
0.361919403076
0.375032424927
0.513076782227
0.377893447876
0.36096572876
0.364065170288
0.355958938599
0.380039215088
0.511169433594
0.36096572876
0.352144241333
0.362873077393
0.354051589966
0.396966934204
0.359058380127
0.369071960449
0.511884689331
0.375986099243
0.362157821655
0.375986099243
0.361919403076
0.380039215088
0.584840774536
0.365972518921
0.358104705811
0.367879867554
0.359058380127
0.376224517822
0.358104705811
0.371932983398
0.511169433594
0.396013259888
0.366926193237
0.370025634766
0.360012054443
0.444889068604
0.539064407349
0.371932983398
0.357866287231
0.369071960449
0.359058380127
0.370025634766
0.359773635864
0.385046005249
0.532150268555
0.365972518921
0.358104705811
0.368118286133
0.355005264282
0.37693977356
0.612020492554
0.363111495972
0.356912612915
0.363111495972
0.356912612915
0.365018844604
0.358104705811
0.371932983398
0.514984130859
0.362157821655
0.356912612915
0.363111495972
0.357151031494
0.38480758667
0.508069992065
0.369071960449
0.355005264282
0.36096572876
0.36096572876
0.298976898193
0.181913375854
0.49090385437
0.375032424927
0.471115112305
0.363111495972
0.389099121094
0.358104705811
0.442028045654
0.531911849976
0.369071960449
0.359058380127
0.367879867554
0.359058380127
0.391960144043
0.370979309082
0.380039215088
0.517845153809
0.371932983398
0.36096572876
0.375032424927
0.360012054443
0.431060791016
0.468015670776
0.36883354187
0.365018844604
0.372171401978
0.360012054443
0.412940979004
0.361919403076
0.295877456665
0.181913375854
0.440120697021
0.361204147339
0.382900238037
0.365018844604
0.42986869812
0.530958175659
0.381231307983
0.359058380127
0.365972518921
0.358104705811
0.370025634766
0.355958938599
0.370025634766
0.511169433594
0.365018844604
0.354051589966
0.375032424927
0.361919403076
0.386953353882
0.511884689331
0.370979309082
0.358819961548
0.404834747314
0.375986099243
0.229120254517
0.185012817383
0.229835510254
0.185966491699
0.2121925354
0.184059143066
0.258207321167
0.182867050171
0.279903411865
0.187158584595
0.239133834839
0.181913375854
0.25200843811
0.183820724487
0.262022018433
0.184059143066
0.261068344116
0.184059143066
0.241041183472
0.182867050171
0.411033630371
0.369071960449
0.473022460938
0.391960144043
0.373840332031
0.361919403076
0.367879867554
0.362873077393
0.36883354187
0.360012054443
0.372171401978
0.523090362549
0.404119491577
0.375032424927
0.226974487305
0.189065933228
0.247001647949
0.185966491699
0.211954116821
0.188112258911
0.212907791138
0.188827514648
0.440835952759
0.377893447876
0.249862670898
0.191211700439
0.220060348511
0.188112258911
0.386953353882
0.364780426025
0.410079956055
0.365972518921
0.369071960449
0.360012054443
0.375032424927
0.357866287231
0.369071960449
0.359058380127
0.378847122192
0.464916229248
0.417947769165
0.375032424927
0.382900238037
0.366926193237
0.405073165894
0.545978546143
0.375986099243
0.369071960449
0.365972518921
0.357866287231
0.370025634766
0.360012054443
0.368118286133
0.512838363647
0.368118286133
0.357866287231
0.36883354187
0.365018844604
0.388860702515
0.537157058716
0.372171401978
0.36096572876
0.361919403076
0.355958938599
0.370025634766
0.355958938599
0.37693977356
0.509023666382
0.37407875061
0.361919403076
0.365018844604
0.357866287231
0.369071960449
0.514984130859
0.361204147339
0.359058380127
0.370025634766
0.355005264282
0.36883354187
0.362157821655
0.365972518921
0.509977340698
0.365972518921
0.357866287231
0.381946563721
0.361919403076
0.387191772461
0.552177429199
0.371932983398
0.355005264282
0.364065170288
0.358104705811
