0.642061233521
0.590085983276
0.236034393311
0.200033187866
0.274896621704
0.185966491699
0.397920608521
0.375986099243
0.387907028198
0.387907028198
0.428915023804
0.382900238037
0.370025634766
0.383138656616
0.391006469727
0.355958938599
0.381946563721
0.363111495972
0.403165817261
0.391960144043
0.37407875061
0.355005264282
0.36883354187
0.407934188843
0.379085540771
0.36096572876
0.366926193237
0.355958938599
0.364065170288
0.35285949707
0.262022018433
0.185966491699
0.244140625
0.18310546875
0.258922576904
0.185012817383
0.254154205322
0.186920166016
0.272989273071
0.186920166016
0.247001647949
0.184059143066
0.257015228271
0.185966491699
0.218868255615
0.185012817383
0.240087509155
0.182151794434
0.214815139771
0.180006027222
0.209093093872
0.178813934326
0.29993057251
0.284910202026
0.268936157227
0.181913375854
0.286102294922
0.313997268677
0.279188156128
0.212907791138
0.241994857788
0.182151794434
0.283002853394
0.18310546875
0.293970108032
0.182151794434
0.281095504761
0.307083129883
0.267028808594
0.235080718994
0.389814376831
0.362873077393
0.417947769165
0.370979309082
0.427961349487
0.366926193237
0.40602684021
0.365018844604
0.391006469727
0.370979309082
0.448942184448
0.365018844604
0.427007675171
0.362157821655
0.374794006348
0.389099121094
0.370025634766
0.355958938599
0.37693977356
0.561952590942
0.370979309082
0.387907028198
0.365972518921
0.38480758667
0.380039215088
0.364780426025
0.393152236938
0.356912612915
0.370025634766
0.354051589966
0.366926193237
0.355005264282
0.383853912354
0.363111495972
0.391960144043
0.36883354187
0.37407875061
0.359058380127
0.380039215088
0.364065170288
0.375032424927
0.36096572876
0.368118286133
0.355958938599
0.370979309082
0.355958938599
0.369071960449
0.524044036865
0.371932983398
0.361204147339
0.369071960449
0.354051589966
0.370979309082
0.360012054443
0.391006469727
0.356197357178
0.269174575806
0.181913375854
0.448942184448
0.353813171387
0.420808792114
0.362873077393
0.261068344116
0.179052352905
0.262022018433
0.181913375854
0.25200843811
0.180006027222
0.251054763794
0.177145004272
0.370979309082
0.270128250122
0.2760887146
0.180959701538
0.242948532104
0.180959701538
0.276803970337
0.181913375854
0.274181365967
0.18310546875
0.310897827148
0.355005264282
0.277042388916
0.248908996582
0.293970108032
0.246047973633
0.275135040283
0.180959701538
0.261068344116
0.180006027222
0.274896621704
0.180959701538
0.275135040283
0.178098678589
0.281095504761
0.275135040283
0.278949737549
0.184059143066
0.283002853394
0.183820724487
0.278949737549
0.181198120117
0.241041183472
0.181913375854
0.275850296021
0.179052352905
0.277042388916
0.17786026001
0.285148620605
0.28395652771
0.293016433716
0.257015228271
0.277042388916
0.180959701538
0.274896621704
0.182867050171
0.237941741943
0.176906585693
0.282049179077
0.277996063232
0.288963317871
0.18310546875
0.309944152832
0.284910202026
0.2760887146
0.179052352905
0.282049179077
0.180006027222
0.279188156128
0.180006027222
0.247955322266
0.17786026001
0.277042388916
0.272989273071
0.271797180176
0.179052352905
0.293016433716
0.282049179077
0.278949737549
0.181913375854
0.2760887146
0.233173370361
0.279903411865
0.180006027222
0.250101089478
0.181913375854
0.276803970337
0.181913375854
0.277042388916
0.181913375854
0.288009643555
0.286817550659
0.2760887146
0.178098678589
0.279188156128
0.238180160522
0.272989273071
0.277996063232
0.250101089478
0.179052352905
0.274896621704
0.179052352905
0.276803970337
0.178098678589
0.282049179077
0.281095504761
0.270843505859
0.17786026001
0.28395652771
0.184059143066
0.272989273071
0.180959701538
0.247001647949
0.180959701538
0.2760887146
0.182151794434
0.278949737549
0.181913375854
0.289916992188
0.289916992188
0.2760887146
0.179052352905
0.279903411865
0.318050384521
0.275850296021
0.182151794434
0.241041183472
0.179052352905
0.287055969238
0.180959701538
0.275850296021
0.179052352905
0.288009643555
0.288963317871
0.272989273071
0.180959701538
0.280857086182
0.266790390015
0.277042388916
0.179052352905
0.244855880737
0.179052352905
0.2760887146
0.180006027222
0.280141830444
0.185012817383
0.281095504761
0.281095504761
0.303983688354
0.322818756104
0.280141830444
0.29993057251
0.275135040283
0.303030014038
0.247001647949
0.178813934326
0.279188156128
0.271081924438
0.277996063232
0.182151794434
0.473976135254
0.361919403076
0.272989273071
0.180959701538
0.271081924438
0.179052352905
0.272035598755
0.293016433716
0.241994857788
0.17786026001
0.277996063232
0.180006027222
0.277042388916
0.179052352905
0.278949737549
0.281095504761
0.278949737549
0.185966491699
0.288963317871
0.294923782349
0.280857086182
0.184059143066
0.298976898193
0.181913375854
0.278949737549
0.243902206421
0.275850296021
0.180006027222
0.29182434082
0.190019607544
0.275850296021
0.248908996582
0.357151031494
0.252962112427
0.274896621704
0.180006027222
0.241994857788
0.180006027222
0.272989273071
0.223875045776
0.355005264282
0.254154205322
0.293970108032
0.286817550659
0.271081924438
0.246047973633
0.275135040283
0.307083129883
0.2760887146
0.259160995483
0.248908996582
0.180006027222
0.2760887146
0.311851501465
0.277996063232
0.180006027222
0.28395652771
0.278949737549
0.285863876343
0.180006027222
0.277996063232
0.180006027222
0.274896621704
0.177145004272
0.240802764893
0.17786026001
0.272989273071
0.298976898193
0.277042388916
0.182867050171
0.288963317871
0.304222106934
0.277042388916
0.182867050171
0.273942947388
0.180006027222
0.277042388916
0.180959701538
0.244140625
0.182867050171
0.275850296021
0.180006027222
0.275850296021
0.180006027222
0.289916992188
0.284194946289
0.277996063232
0.181913375854
0.278949737549
0.182867050171
0.285863876343
0.308036804199
0.250816345215
0.183820724487
0.275135040283
0.310182571411
0.279903411865
0.197887420654
0.292062759399
0.195026397705
0.272989273071
0.245094299316
0.272035598755
0.188827514648
0.252962112427
0.184059143066
0.256061553955
0.188112258911
0.262975692749
0.186920166016
0.265836715698
0.187158584595
0.258922576904
0.185012817383
0.221967697144
0.180006027222
0.2601146698
0.181913375854
0.231027603149
0.181198120117
0.241041183472
0.180006027222
0.289916992188
0.226974487305
0.37693977356
0.356912612915
0.423908233643
0.364065170288
0.371932983398
0.355958938599
0.218152999878
0.182867050171
0.218868255615
0.179052352905
0.230073928833
0.180006027222
0.218152999878
0.180006027222
0.419855117798
0.365018844604
0.237226486206
0.181198120117
0.201225280762
0.179052352905
0.40078163147
0.365018844604
0.370025634766
0.357866287231
0.396013259888
0.362873077393
0.370025634766
0.355958938599
0.381946563721
0.365972518921
0.387191772461
0.369071960449
0.370025634766
0.359058380127
0.362873077393
0.35285949707
0.37407875061
0.359058380127
0.389099121094
0.385999679565
0.373125076294
0.356912612915
0.375032424927
0.355958938599
0.385046005249
0.37693977356
0.365972518921
0.353097915649
0.380039215088
0.359058380127
0.366926193237
0.357151031494
0.382900238037
0.370979309082
0.385999679565
0.356912612915
0.365972518921
0.355005264282
0.392913818359
0.361919403076
0.365018844604
0.351905822754
0.366926193237
0.35285949707
0.372171401978
0.350952148438
0.370979309082
0.519037246704
0.366926193237
0.351905822754
0.365972518921
0.355005264282
0.375986099243
0.360012054443
0.380039215088
0.355005264282
0.365018844604
0.355005264282
0.375032424927
0.356197357178
0.385046005249
0.371932983398
0.383138656616
0.361919403076
0.373125076294
0.359058380127
0.379085540771
0.359058380127
0.372886657715
0.355005264282
0.364065170288
0.351905822754
0.377893447876
0.358104705811
0.370025634766
0.561952590942
0.391006469727
0.370025634766
0.377178192139
0.361919403076
0.40602684021
0.364065170288
0.380039215088
0.356912612915
0.380039215088
0.362157821655
0.379085540771
0.358819961548
0.385046005249
0.365018844604
0.370025634766
0.353097915649
0.377893447876
0.359058380127
0.380992889404
0.365018844604
0.371932983398
0.356197357178
0.367164611816
0.357866287231
0.380039215088
0.359058380127
0.373840332031
0.514030456543
0.377178192139
0.363111495972
0.401973724365
0.369071960449
0.393867492676
0.366926193237
0.368118286133
0.357151031494
0.368118286133
0.353097915649
0.458955764771
0.36096572876
0.373840332031
0.513076782227
0.36096572876
0.351190567017
0.497102737427
0.36096572876
0.397920608521
0.361919403076
0.363111495972
0.355958938599
0.360012054443
0.353097915649
0.366926193237
0.353097915649
0.369071960449
0.519037246704
0.396013259888
0.369071960449
0.372886657715
0.359058380127
0.39005279541
0.36096572876
0.364065170288
0.351905822754
0.364065170288
0.349998474121
0.363111495972
0.350952148438
0.367879867554
0.515937805176
0.357866287231
0.348091125488
0.375032424927
0.365972518921
0.380992889404
0.364780426025
0.371217727661
0.355005264282
0.366926193237
0.359058380127
0.366926193237
0.354051589966
0.370025634766
0.524044036865
0.380039215088
0.360012054443
0.373125076294
0.357866287231
0.373125076294
0.365972518921
0.365018844604
0.357866287231
0.363111495972
0.355005264282
0.3662109375
0.514984130859
0.36096572876
0.566005706787
0.362873077393
0.383853912354
0.378131866455
0.362873077393
0.375986099243
0.36096572876
0.361919403076
0.351905822754
0.362873077393
0.355958938599
0.368118286133
0.350952148438
0.369071960449
0.514984130859
0.391006469727
0.369071960449
0.376224517822
0.361919403076
0.379085540771
0.363111495972
0.367164611816
0.358104705811
0.369071960449
0.385999679565
0.372171401978
0.363826751709
0.375032424927
0.546932220459
0.365972518921
0.353097915649
0.364065170288
0.357151031494
0.380039215088
0.516176223755
0.361919403076
0.349044799805
0.364065170288
0.353813171387
0.364065170288
0.358104705811
0.365018844604
0.550031661987
0.36096572876
0.381946563721
0.365972518921
0.355958938599
0.367879867554
0.368118286133
0.364065170288
0.348091125488
0.380992889404
0.355005264282
0.375032424927
0.358104705811
0.384092330933
0.366926193237
0.383138656616
0.360012054443
0.375986099243
0.356197357178
0.385999679565
0.363111495972
0.364065170288
0.355005264282
0.365972518921
0.351905822754
0.366926193237
0.349998474121
0.365018844604
0.524997711182
0.36096572876
0.350952148438
0.375986099243
0.364065170288
0.37407875061
0.362157821655
0.367164611816
0.35285949707
0.378131866455
0.364065170288
0.368118286133
0.354051589966
0.377893447876
0.511884689331
0.368118286133
0.354051589966
0.377178192139
0.361919403076
0.288963317871
0.29993057251
0.460863113403
0.358819961548
0.412940979004
0.360012054443
0.373125076294
0.385999679565
0.386953353882
0.380992889404
0.369071960449
0.356912612915
0.372886657715
0.359058380127
0.377893447876
0.366926193237
0.36883354187
0.35285949707
0.375032424927
0.359058380127
0.379800796509
0.361919403076
0.380992889404
0.385999679565
0.364065170288
0.453948974609
0.36096572876
0.349998474121
0.288963317871
0.282049179077
0.458002090454
0.349044799805
0.361204147339
0.352144241333
0.367164611816
0.347137451172
0.423908233643
0.357151031494
0.369071960449
0.350952148438
0.36096572876
0.353097915649
0.375986099243
0.358819961548
0.356912612915
0.350952148438
0.366926193237
0.354051589966
0.365972518921
0.355005264282
0.367879867554
0.523090362549
0.40078163147
0.366926193237
0.389099121094
0.358104705811
0.226974487305
0.182151794434
0.205993652344
0.178098678589
0.246047973633
0.187873840332
0.270128250122
0.188112258911
0.252962112427
0.185966491699
0.259876251221
0.277042388916
0.272035598755
0.189065933228
0.290155410767
0.188112258911
0.249147415161
0.186920166016
0.250816345215
0.187158584595
0.396013259888
0.362873077393
0.425815582275
0.365018844604
0.372171401978
0.356197357178
0.370025634766
0.357151031494
0.369071960449
0.36096572876
0.363826751709
0.357866287231
0.219821929932
0.182151794434
0.211000442505
0.181913375854
0.220060348511
0.180959701538
0.200986862183
0.179052352905
0.393152236938
0.360012054443
0.231981277466
0.182151794434
0.210046768188
0.241041183472
0.375032424927
0.365018844604
0.377178192139
0.385999679565
0.397920608521
0.362873077393
0.370979309082
0.388860702515
0.371932983398
0.356912612915
0.372886657715
0.36096572876
0.366926193237
0.355958938599
0.368118286133
0.353097915649
0.391960144043
0.36096572876
0.378131866455
0.530958175659
0.362873077393
0.357866287231
0.363111495972
0.354051589966
0.360012054443
0.369071960449
0.360012054443
0.348091125488
0.375986099243
0.356912612915
0.369071960449
0.35285949707
0.36096572876
0.517845153809
0.365972518921
0.354051589966
0.375986099243
0.355005264282
0.37407875061
0.358104705811
0.365972518921
0.357151031494
0.362157821655
0.35285949707
0.363111495972
0.355005264282
0.365972518921
0.519037246704
0.362873077393
0.351905822754
0.375986099243
0.358104705811
0.373125076294
0.362157821655
0.372171401978
0.350952148438
0.368118286133
0.359058380127
0.397920608521
0.373125076294
0.375986099243
0.37407875061
0.366926193237
0.357151031494
