2.7928352356
1.13916397095
2.21109390259
2.21586227417
1.19400024414
0.990867614746
0.998973846436
0.985860824585
2.13813781738
0.998020172119
2.12121009827
0.992059707642
2.35295295715
0.723838806152
0.712871551514
1.63793563843
1.66010856628
0.730991363525
0.711917877197
1.63698196411
0.723123550415
0.710964202881
6.25395774841
1.09314918518
0.989198684692
2.14004516602
0.995874404907
2.1870136261
1.60193443298
1.53589248657
1.54995918274
1.46102905273
1.59001350403
0.726938247681
0.712156295776
0.74291229248
0.714063644409
0.828981399536
0.67400932312
0.648975372314
0.655889511108
0.647068023682
0.740051269531
0.744819641113
0.678062438965
